position: 1
mean: 0.019
std: 0.999819483707
position: 10
mean: 0.01732
std: 0.314076451839
position: 100
mean: 0.01964
std: 0.099595333224
position: 1000
mean: 0.0200986
std: 0.0316642555264
