position: 1
mean: 0.0234
std: 0.999726182512
position: 10
mean: 0.01184
std: 0.320018459468
position: 100
mean: 0.01936
std: 0.101427365144
position: 1000
mean: 0.0197118
std: 0.0317408465665
