position: 1
mean: 0.0106
std: 0.999943818422
position: 10
mean: 0.01748
std: 0.316958119631
position: 100
mean: 0.020472
std: 0.100374584512
position: 1000
mean: 0.0197084
std: 0.0316808170576
