
Position:1
Mean:0.0088; Std:0.99996127925

Position:10
Mean:0.01818; Std:0.313051892823

Position:100
Mean:0.020024; Std:0.100139100375

Position:1000
Mean:0.0191378; Std:0.0317220083091
