Position: 1
Mean: 0.0274; Std: 0.999624549519

Position: 10
Mean: 0.01588; Std: 0.318351732522

Position: 100
Mean: 0.021494; Std: 0.100274263717

Position: 1000
Mean: 0.0198972; Std: 0.0310598878324

