Position:1
mean:0.0304	std0.999537813192
Position:10
mean:0.02194	std0.315839573835
Position:100
mean:0.021138	std0.0991795591642
Position:1000
mean:0.0199202	std0.0317096394171
