position:1
Mean:0.131313131313and Std:0.991340941122
position:10
Mean:0.0565656565657and Std:0.327883206652
position:100
Mean:0.0107070707071and Std:0.0944655623773
position:1000
Mean:0.0234343434343and Std:0.0314061570288
